Nl                  [ 4096         , 4096         , 0            ]
Ng                  [ 4096           , 4096           , 0            ]
Nig                 [ 0            , 0            , 0            ]
Nsw                 [ 0            , 0            , 0            ]
Npsw                [ 0            , 0            , 0            ]
K                   [ 3            , 6            , 4            ]
G                   [ 1            , 1            , 0            ]
B                   [ 1            , 1            , 0            ]
T                   [ 0            , 0            , 0            ]
Epsi                [ 0.000        , 0.000        , 0            ]

