Nl                  [ 1            , 1            , 0            ]
Ng                  [ 0            , 0            , 0            ]
Nig                 [ 0            , 0            , 0            ]
Nsw                 [ 0            , 0            , 0            ]
Npsw                [ 0            , 0            , 0            ]
K                   [ 9            , 9            , 0            ]
G                   [ 1            , 1            , 0            ]
B                   [ 0.50364      , 0.50364      , 0            ]
T                   [ 0.70         , 0.70         , 0            ]
Epsi                [ 0.010        , 0.020        , 11           ]
Mu                  [ 0.1          , 0.1          , 0            ]
P1                  [ 0            , 0            , 0            ]
P2                  [ 0            , 0            , 0            ]
P3                  [ 0            , 0            , 0            ]
P4                  [ 0            , 0            , 0            ]
Lambda              [ 0            , 0            , 0            ]
