Nl                  [ 32           , 32           , 0            ]
Ng                  [ 32           , 32           , 0            ]
Nig                 [ 0            , 0            , 0            ]
Nsw                 [ 32768        , 32768        , 0            ]
Npsw                [ 8            , 8            , 0            ]
K                   [ 10           , 10           , 0            ]
G                   [ 1            , 1            , 0            ]
B                   [ 1            , 1            , 0            ]
T                   [ 0            , 0            , 0            ]
Epsi                [ 0.0001       , 0.0001       , 0            ]


