151006113728    4    8    4096    4096       0       510.11      0.34971            1            0       2.8639      0.43626
151006113731    4   10    4096    4096       0       2045.7      0.70475            1            0       3.5543      0.44193
151006113809    4   12    4096    4096       0       8191.5       1.4483            1            0       4.2467      0.42956
151006120417    4    8    4096    4096       0       510.59      0.35203            1            0       2.8688      0.43426
151006120420    4   10    4096    4096       0         2046      0.70078            1            0       3.5538      0.43387
151006120458    4   12    4096    4096       0       8187.1       1.4109            1            0       4.2463       0.4289

151008114531    4    8    4096    4096       1       1       0       510.29      0.35052            1            0            1            0
151008114532    4    8    4096    4096       1       1    0.25       510.29      0.35052      0.98948   0.00031294            1            0
151008114533    4    8    4096    4096       1       1     0.5       510.29      0.35052      0.95894    0.0011734            1            0
151008114533    4    8    4096    4096       1       1    0.75       510.29      0.35052      0.91123    0.0023851            1            0
151008114533    4    8    4096    4096       1       1       1       510.29      0.35052      0.85042    0.0037226            1            0
151008114534    4    8    4096    4096       1       1    1.25       510.29      0.35052      0.78102    0.0050136            1            0
151008114534    4    8    4096    4096       1       1     1.5       510.29      0.35052      0.70728    0.0061688            1            0
151008114535    4    8    4096    4096       1       1    1.75       510.29      0.35052      0.63272     0.007164            1            0
151008114536    4    8    4096    4096       1       1       2       510.29      0.35052      0.55992    0.0080078            1            0
151008114536    4    8    4096    4096       1       1    2.25       510.29      0.35052       0.4906    0.0087166            1            0
151008114537    4    8    4096    4096       1       1     2.5       510.29      0.35052      0.42584    0.0093008            1            0
151008114537    4    8    4096    4096       1       1    2.75       510.29      0.35052      0.36624    0.0097649            1            0
151008114538    4    8    4096    4096       1       1       3       510.29      0.35052      0.31215      0.01012            1            0
151008114538    4    8    4096    4096       1       1    3.25       510.29      0.35052      0.26373     0.010385            1            0
151008114538    4    8    4096    4096       1       1     3.5       510.29      0.35052        0.221     0.010577            1            0
151008114539    4    8    4096    4096       1       1    3.75       510.29      0.35052      0.18389      0.01071            1            0
151008114540    4    8    4096    4096       1       1       4       510.29      0.35052       0.1522     0.010807            1            0
151008114540    4    8    4096    4096       1       1    4.25       510.29      0.35052      0.12561     0.010889            1            0
151008114541    4    8    4096    4096       1       1     4.5       510.29      0.35052      0.10366      0.01096            1            0
151008114541    4    8    4096    4096       1       1    4.75       510.29      0.35052     0.085739     0.011004            1            0
151008114541    4    8    4096    4096       1       1       5       510.29      0.35052      0.07115     0.011017            1            0
151008114542    4    8    4096    4096       1       1    5.25       510.29      0.35052     0.059177     0.011017            1            0
151008114542    4    8    4096    4096       1       1     5.5       510.29      0.35052     0.049204     0.011023            1            0
151008114543    4    8    4096    4096       1       1    5.75       510.29      0.35052     0.040777     0.011035            1            0
151008114544    4    8    4096    4096       1       1       6       510.29      0.35052     0.033611     0.011046            1            0
151008114544    4    8    4096    4096       1       1    6.25       510.29      0.35052     0.027524     0.011058            1            0
151008114545    4    8    4096    4096       1       1     6.5       510.29      0.35052     0.022351     0.011071            1            0
151008114545    4    8    4096    4096       1       1    6.75       510.29      0.35052     0.017891      0.01108            1            0
151008114546    4    8    4096    4096       1       1       7       510.29      0.35052     0.013929     0.011078            1            0
151008114546    4    8    4096    4096       1       1    7.25       510.29      0.35052     0.010325     0.011058            1            0
151008114547    4    8    4096    4096       1       1     7.5       510.29      0.35052     0.007107     0.011027            1            0
151008114547    4    8    4096    4096       1       1    7.75       510.29      0.35052    0.0044849     0.011002            1            0
151008114548    4    8    4096    4096       1       1       8       510.29      0.35052    0.0027645        0.011            1            0
151008114548    4    8    4096    4096       1       1    8.25       510.29      0.35052    0.0021703     0.011017            1            0
151008114549    4    8    4096    4096       1       1     8.5       510.29      0.35052    0.0026747     0.011034            1            0
151008114550    4    8    4096    4096       1       1    8.75       510.29      0.35052     0.003928     0.011043            1            0
151008114550    4    8    4096    4096       1       1       9       510.29      0.35052    0.0053424     0.011049            1            0
151008114550    4    8    4096    4096       1       1    9.25       510.29      0.35052    0.0063009     0.011054            1            0
151008114551    4    8    4096    4096       1       1     9.5       510.29      0.35052    0.0063931     0.011058            1            0
151008114552    4    8    4096    4096       1       1    9.75       510.29      0.35052     0.005562     0.011066            1            0
151008114552    4    8    4096    4096       1       1      10       510.29      0.35052     0.004094     0.011081            1            0
151008114553    4    8    4096    4096       1       1   10.25       510.29      0.35052    0.0024631     0.011095            1            0
151008114553    4    8    4096    4096       1       1    10.5       510.29      0.35052    0.0011165     0.011097            1            0
151008114554    4    8    4096    4096       1       1   10.75       510.29      0.35052   0.00030855     0.011084            1            0
151008114554    4    8    4096    4096       1       1      11       510.29      0.35052   5.3795e-05     0.011063            1            0
151008114555    4    8    4096    4096       1       1   11.25       510.29      0.35052   0.00019926     0.011039            1            0
151008114555    4    8    4096    4096       1       1    11.5       510.29      0.35052   0.00055459      0.01102            1            0
151008114555    4    8    4096    4096       1       1   11.75       510.29      0.35052   0.00099987     0.011012            1            0
151008114556    4    8    4096    4096       1       1      12       510.29      0.35052     0.001519     0.011015            1            0
151008114556    4    8    4096    4096       1       1   12.25       510.29      0.35052    0.0021594     0.011021            1            0
151008114557    4    8    4096    4096       1       1    12.5       510.29      0.35052    0.0029585      0.01103            1            0
151008114557    4    8    4096    4096       1       1   12.75       510.29      0.35052    0.0038883     0.011042            1            0
151008114558    4    8    4096    4096       1       1      13       510.29      0.35052    0.0048414     0.011049            1            0
151008114558    4    8    4096    4096       1       1   13.25       510.29      0.35052    0.0056539     0.011048            1            0
151008114559    4    8    4096    4096       1       1    13.5       510.29      0.35052    0.0061383     0.011049            1            0
151008114559    4    8    4096    4096       1       1   13.75       510.29      0.35052    0.0061097      0.01106            1            0
151008114600    4    8    4096    4096       1       1      14       510.29      0.35052    0.0054089     0.011079            1            0
151008114601    4    8    4096    4096       1       1   14.25       510.29      0.35052    0.0039368     0.011097            1            0
151008114601    4    8    4096    4096       1       1    14.5       510.29      0.35052    0.0017093     0.011112            1            0
151008114602    4    8    4096    4096       1       1   14.75       510.29      0.35052   -0.0010865     0.011118            1            0
151008114602    4    8    4096    4096       1       1      15       510.29      0.35052   -0.0040767     0.011111            1            0
151008114602    4    8    4096    4096       1       1   15.25       510.29      0.35052   -0.0067589     0.011092            1            0
151008114603    4    8    4096    4096       1       1    15.5       510.29      0.35052   -0.0086377     0.011071            1            0
151008114604    4    8    4096    4096       1       1   15.75       510.29      0.35052   -0.0093905     0.011052            1            0
151008114604    4    8    4096    4096       1       1      16       510.29      0.35052   -0.0089868     0.011035            1            0
151009142055    4   10    4096      64       1       0       0         2046      0.78722      -0.2612    0.0066419       3.5538      0.04928
151009142058    4   10    4096      64       1     0.1       0         2046      0.78722      -0.2612    0.0066419       3.5538      0.04928
151009142101    4   10    4096      64       1     0.2       0         2046      0.78722      -0.2612    0.0066419       3.5538      0.04928
151009142103    4   10    4096      64       1     0.3       0         2046      0.78722      -0.2612    0.0066419       3.5538      0.04928
151009142106    4   10    4096      64       1     0.4       0         2046      0.78722      -0.2612    0.0066419       3.5538      0.04928
151009142109    4   10    4096      64       1     0.5       0         2046      0.78722      -0.2611    0.0066252       3.5538      0.04928
151009142111    4   10    4096      64       1     0.6       0         2046      0.78722     -0.26038    0.0065323       3.5538      0.04928
151009142114    4   10    4096      64       1     0.7       0         2046      0.78722     -0.25876    0.0063621       3.5538      0.04928
151009142116    4   10    4096      64       1     0.8       0         2046      0.78722     -0.25624    0.0061576       3.5538      0.04928
151009142119    4   10    4096      64       1     0.9       0         2046      0.78722     -0.25289    0.0059424       3.5538      0.04928
151009142122    4   10    4096      64       1       1       0         2046      0.78722     -0.24893    0.0057208       3.5538      0.04928
151009142124    4   10    4096      64       1     1.1       0         2046      0.78722      -0.2445    0.0054998       3.5538      0.04928
151009142127    4   10    4096      64       1     1.2       0         2046      0.78722      -0.2397    0.0052814       3.5538      0.04928
151009142130    4   10    4096      64       1     1.3       0         2046      0.78722     -0.23466    0.0050645       3.5538      0.04928
151009142132    4   10    4096      64       1     1.4       0         2046      0.78722     -0.22949    0.0048535       3.5538      0.04928
151009142135    4   10    4096      64       1     1.5       0         2046      0.78722     -0.22427    0.0046514       3.5538      0.04928
151009142137    4   10    4096      64       1     1.6       0         2046      0.78722     -0.21906    0.0044587       3.5538      0.04928
151009142140    4   10    4096      64       1     1.7       0         2046      0.78722     -0.21392    0.0042757       3.5538      0.04928
151009142143    4   10    4096      64       1     1.8       0         2046      0.78722     -0.20887     0.004103       3.5538      0.04928
151009142145    4   10    4096      64       1     1.9       0         2046      0.78722     -0.20394    0.0039402       3.5538      0.04928
151009142148    4   10    4096      64       1       2       0         2046      0.78722     -0.19914    0.0037871       3.5538      0.04928
151009142151    4   10    4096      64       1     2.1       0         2046      0.78722     -0.19448    0.0036435       3.5538      0.04928
151009142153    4   10    4096      64       1     2.2       0         2046      0.78722     -0.18996     0.003509       3.5538      0.04928
151009142156    4   10    4096      64       1     2.3       0         2046      0.78722     -0.18558    0.0033831       3.5538      0.04928
151009142158    4   10    4096      64       1     2.4       0         2046      0.78722     -0.18135    0.0032651       3.5538      0.04928
151009142201    4   10    4096      64       1     2.5       0         2046      0.78722     -0.17727    0.0031544       3.5538      0.04928
151009142204    4   10    4096      64       1     2.6       0         2046      0.78722     -0.17332    0.0030505       3.5538      0.04928
151009142206    4   10    4096      64       1     2.7       0         2046      0.78722     -0.16952    0.0029527       3.5538      0.04928
151009142209    4   10    4096      64       1     2.8       0         2046      0.78722     -0.16585    0.0028605       3.5538      0.04928
151009142212    4   10    4096      64       1     2.9       0         2046      0.78722     -0.16231    0.0027736       3.5538      0.04928
151009142214    4   10    4096      64       1       3       0         2046      0.78722      -0.1589    0.0026915       3.5538      0.04928
151009142217    4   10    4096      64       1     3.1       0         2046      0.78722     -0.15562    0.0026138       3.5538      0.04928
151009142220    4   10    4096      64       1     3.2       0         2046      0.78722     -0.15245    0.0025403       3.5538      0.04928
151009142222    4   10    4096      64       1     3.3       0         2046      0.78722     -0.14939    0.0024705       3.5538      0.04928
151009142225    4   10    4096      64       1     3.4       0         2046      0.78722     -0.14644    0.0024043       3.5538      0.04928
151009142227    4   10    4096      64       1     3.5       0         2046      0.78722     -0.14359    0.0023414       3.5538      0.04928
151009142230    4   10    4096      64       1     3.6       0         2046      0.78722     -0.14084    0.0022816       3.5538      0.04928
151009142233    4   10    4096      64       1     3.7       0         2046      0.78722     -0.13819    0.0022246       3.5538      0.04928
151009142235    4   10    4096      64       1     3.8       0         2046      0.78722     -0.13562    0.0021704       3.5538      0.04928
151009142238    4   10    4096      64       1     3.9       0         2046      0.78722     -0.13315    0.0021186       3.5538      0.04928
151009142241    4   10    4096      64       1       4       0         2046      0.78722     -0.13075    0.0020692       3.5538      0.04928
151009142243    4   10    4096      64       1     4.1       0         2046      0.78722     -0.12844    0.0020219       3.5538      0.04928
151009142246    4   10    4096      64       1     4.2       0         2046      0.78722      -0.1262    0.0019767       3.5538      0.04928
151009142248    4   10    4096      64       1     4.3       0         2046      0.78722     -0.12403    0.0019334       3.5538      0.04928
151009142251    4   10    4096      64       1     4.4       0         2046      0.78722     -0.12193    0.0018919       3.5538      0.04928
151009142254    4   10    4096      64       1     4.5       0         2046      0.78722      -0.1199     0.001852       3.5538      0.04928
151009142256    4   10    4096      64       1     4.6       0         2046      0.78722     -0.11794    0.0018138       3.5538      0.04928
151009142259    4   10    4096      64       1     4.7       0         2046      0.78722     -0.11603     0.001777       3.5538      0.04928
151009142302    4   10    4096      64       1     4.8       0         2046      0.78722     -0.11418    0.0017417       3.5538      0.04928
151009142304    4   10    4096      64       1     4.9       0         2046      0.78722     -0.11239    0.0017077       3.5538      0.04928
151009142307    4   10    4096      64       1       5       0         2046      0.78722     -0.11065     0.001675       3.5538      0.04928
151009142310    4   10    4096      64       1     5.1       0         2046      0.78722     -0.10896    0.0016434       3.5538      0.04928
151009142312    4   10    4096      64       1     5.2       0         2046      0.78722     -0.10732    0.0016131       3.5538      0.04928
151009142315    4   10    4096      64       1     5.3       0         2046      0.78722     -0.10573    0.0015837       3.5538      0.04928
151009142317    4   10    4096      64       1     5.4       0         2046      0.78722     -0.10418    0.0015555       3.5538      0.04928
151009142320    4   10    4096      64       1     5.5       0         2046      0.78722     -0.10268    0.0015281       3.5538      0.04928
151009142323    4   10    4096      64       1     5.6       0         2046      0.78722     -0.10121    0.0015017       3.5538      0.04928
151009142325    4   10    4096      64       1     5.7       0         2046      0.78722     -0.09979    0.0014762       3.5538      0.04928
151009142328    4   10    4096      64       1     5.8       0         2046      0.78722    -0.098405    0.0014515       3.5538      0.04928
151009142330    4   10    4096      64       1     5.9       0         2046      0.78722    -0.097058    0.0014276       3.5538      0.04928
151009142333    4   10    4096      64       1       6       0         2046      0.78722    -0.095745    0.0014045       3.5538      0.04928
151009142336    4   10    4096      64       1     6.1       0         2046      0.78722    -0.094467    0.0013821       3.5538      0.04928
151009142338    4   10    4096      64       1     6.2       0         2046      0.78722    -0.093222    0.0013603       3.5538      0.04928
151009142341    4   10    4096      64       1     6.3       0         2046      0.78722    -0.092009    0.0013393       3.5538      0.04928
151009142344    4   10    4096      64       1     6.4       0         2046      0.78722    -0.090826    0.0013189       3.5538      0.04928
151009142346    4   10    4096      64       1     6.5       0         2046      0.78722    -0.089672     0.001299       3.5538      0.04928
151009142349    4   10    4096      64       1     6.6       0         2046      0.78722    -0.088547    0.0012798       3.5538      0.04928
151009142351    4   10    4096      64       1     6.7       0         2046      0.78722    -0.087449    0.0012611       3.5538      0.04928
151009142354    4   10    4096      64       1     6.8       0         2046      0.78722    -0.086378     0.001243       3.5538      0.04928
151009142357    4   10    4096      64       1     6.9       0         2046      0.78722    -0.085332    0.0012253       3.5538      0.04928
151009142359    4   10    4096      64       1       7       0         2046      0.78722    -0.084311    0.0012082       3.5538      0.04928
151009142402    4   10    4096      64       1     7.1       0         2046      0.78722    -0.083313    0.0011915       3.5538      0.04928
151009142405    4   10    4096      64       1     7.2       0         2046      0.78722    -0.082338    0.0011753       3.5538      0.04928
151009142407    4   10    4096      64       1     7.3       0         2046      0.78722    -0.081386    0.0011595       3.5538      0.04928
151009142410    4   10    4096      64       1     7.4       0         2046      0.78722    -0.080455    0.0011441       3.5538      0.04928
151009142413    4   10    4096      64       1     7.5       0         2046      0.78722    -0.079545    0.0011291       3.5538      0.04928
151009142415    4   10    4096      64       1     7.6       0         2046      0.78722    -0.078655    0.0011145       3.5538      0.04928
151009142418    4   10    4096      64       1     7.7       0         2046      0.78722    -0.077784    0.0011003       3.5538      0.04928
151009142420    4   10    4096      64       1     7.8       0         2046      0.78722    -0.076932    0.0010864       3.5538      0.04928
151009142423    4   10    4096      64       1     7.9       0         2046      0.78722    -0.076098    0.0010728       3.5538      0.04928
151009142426    4   10    4096      64       1       8       0         2046      0.78722    -0.075282    0.0010596       3.5538      0.04928
151009142428    4   10    4096      64       1     8.1       0         2046      0.78722    -0.074483    0.0010467       3.5538      0.04928
151009142431    4   10    4096      64       1     8.2       0         2046      0.78722    -0.073701    0.0010342       3.5538      0.04928
151009142434    4   10    4096      64       1     8.3       0         2046      0.78722    -0.072935    0.0010219       3.5538      0.04928
151009142436    4   10    4096      64       1     8.4       0         2046      0.78722    -0.072184    0.0010099       3.5538      0.04928
151009142439    4   10    4096      64       1     8.5       0         2046      0.78722    -0.071448   0.00099818       3.5538      0.04928
151009142441    4   10    4096      64       1     8.6       0         2046      0.78722    -0.070727   0.00098673       3.5538      0.04928
151009142444    4   10    4096      64       1     8.7       0         2046      0.78722    -0.070021   0.00097554       3.5538      0.04928
151009142447    4   10    4096      64       1     8.8       0         2046      0.78722    -0.069328   0.00096459       3.5538      0.04928
151009142449    4   10    4096      64       1     8.9       0         2046      0.78722    -0.068649   0.00095389       3.5538      0.04928
151009142452    4   10    4096      64       1       9       0         2046      0.78722    -0.067982   0.00094343       3.5538      0.04928
151009142455    4   10    4096      64       1     9.1       0         2046      0.78722    -0.067328   0.00093319       3.5538      0.04928
151009142457    4   10    4096      64       1     9.2       0         2046      0.78722    -0.066687   0.00092316       3.5538      0.04928
151009142500    4   10    4096      64       1     9.3       0         2046      0.78722    -0.066058   0.00091335       3.5538      0.04928
151009142503    4   10    4096      64       1     9.4       0         2046      0.78722     -0.06544   0.00090375       3.5538      0.04928
151009142505    4   10    4096      64       1     9.5       0         2046      0.78722    -0.064834   0.00089434       3.5538      0.04928
151009142508    4   10    4096      64       1     9.6       0         2046      0.78722    -0.064238   0.00088512       3.5538      0.04928
151009142510    4   10    4096      64       1     9.7       0         2046      0.78722    -0.063654   0.00087609       3.5538      0.04928
151009142513    4   10    4096      64       1     9.8       0         2046      0.78722     -0.06308   0.00086725       3.5538      0.04928
151009142516    4   10    4096      64       1     9.9       0         2046      0.78722    -0.062516   0.00085857       3.5538      0.04928
151009142518    4   10    4096      64       1      10       0         2046      0.78722    -0.061962   0.00085007       3.5538      0.04928
151009150535    4   10    4096      64       1       0       0         2046      0.78883      -0.2612    0.0068558       3.5538     0.052663
151009150536    4   10    4096      64       1     0.1       0         2046      0.78883      -0.2612    0.0068558       3.5538     0.052663
151009150537    4   10    4096      64       1     0.2       0         2046      0.78883      -0.2612    0.0068558       3.5538     0.052663
151009150538    4   10    4096      64       1     0.3       0         2046      0.78883      -0.2612    0.0068558       3.5538     0.052663
151009150539    4   10    4096      64       1     0.4       0         2046      0.78883      -0.2612    0.0068558       3.5538     0.052663
151009150540    4   10    4096      64       1     0.5       0         2046      0.78883      -0.2611    0.0068399       3.5538     0.052663
151009150541    4   10    4096      64       1     0.6       0         2046      0.78883     -0.26038    0.0067499       3.5538     0.052663
151009150542    4   10    4096      64       1     0.7       0         2046      0.78883     -0.25876    0.0065822       3.5538     0.052663
151009150543    4   10    4096      64       1     0.8       0         2046      0.78883     -0.25624    0.0063759       3.5538     0.052663
151009150544    4   10    4096      64       1     0.9       0         2046      0.78883     -0.25289    0.0061551       3.5538     0.052663
151009150544    4   10    4096      64       1       1       0         2046      0.78883     -0.24893    0.0059273       3.5538     0.052663
151009150545    4   10    4096      64       1     1.1       0         2046      0.78883      -0.2445    0.0056999       3.5538     0.052663
151009150546    4   10    4096      64       1     1.2       0         2046      0.78883      -0.2397     0.005475       3.5538     0.052663
151009150547    4   10    4096      64       1     1.3       0         2046      0.78883     -0.23466    0.0052519       3.5538     0.052663
151009150548    4   10    4096      64       1     1.4       0         2046      0.78883     -0.22949    0.0050354       3.5538     0.052663
151009150549    4   10    4096      64       1     1.5       0         2046      0.78883     -0.22427    0.0048286       3.5538     0.052663
151009150550    4   10    4096      64       1     1.6       0         2046      0.78883     -0.21906    0.0046315       3.5538     0.052663
151009150550    4   10    4096      64       1     1.7       0         2046      0.78883     -0.21392    0.0044441       3.5538     0.052663
151009150551    4   10    4096      64       1     1.8       0         2046      0.78883     -0.20887     0.004267       3.5538     0.052663
151009150552    4   10    4096      64       1     1.9       0         2046      0.78883     -0.20394    0.0040998       3.5538     0.052663
151009150553    4   10    4096      64       1       2       0         2046      0.78883     -0.19914    0.0039424       3.5538     0.052663
151009150554    4   10    4096      64       1     2.1       0         2046      0.78883     -0.19448    0.0037946       3.5538     0.052663
151009150555    4   10    4096      64       1     2.2       0         2046      0.78883     -0.18996    0.0036559       3.5538     0.052663
151009150555    4   10    4096      64       1     2.3       0         2046      0.78883     -0.18558    0.0035258       3.5538     0.052663
151009150556    4   10    4096      64       1     2.4       0         2046      0.78883     -0.18135    0.0034035       3.5538     0.052663
151009150557    4   10    4096      64       1     2.5       0         2046      0.78883     -0.17727    0.0032887       3.5538     0.052663
151009150558    4   10    4096      64       1     2.6       0         2046      0.78883     -0.17332    0.0031806       3.5538     0.052663
151009150559    4   10    4096      64       1     2.7       0         2046      0.78883     -0.16952    0.0030787       3.5538     0.052663
151009150600    4   10    4096      64       1     2.8       0         2046      0.78883     -0.16585    0.0029826       3.5538     0.052663
151009150601    4   10    4096      64       1     2.9       0         2046      0.78883     -0.16231    0.0028919       3.5538     0.052663
151009150601    4   10    4096      64       1       3       0         2046      0.78883      -0.1589    0.0028061       3.5538     0.052663
151009150602    4   10    4096      64       1     3.1       0         2046      0.78883     -0.15562    0.0027249       3.5538     0.052663
151009150603    4   10    4096      64       1     3.2       0         2046      0.78883     -0.15245    0.0026479       3.5538     0.052663
151009150604    4   10    4096      64       1     3.3       0         2046      0.78883     -0.14939     0.002575       3.5538     0.052663
151009150605    4   10    4096      64       1     3.4       0         2046      0.78883     -0.14644    0.0025057       3.5538     0.052663
151009150606    4   10    4096      64       1     3.5       0         2046      0.78883     -0.14359      0.00244       3.5538     0.052663
151009150606    4   10    4096      64       1     3.6       0         2046      0.78883     -0.14084    0.0023774       3.5538     0.052663
151009150607    4   10    4096      64       1     3.7       0         2046      0.78883     -0.13819    0.0023179       3.5538     0.052663
151009150608    4   10    4096      64       1     3.8       0         2046      0.78883     -0.13562    0.0022612       3.5538     0.052663
151009150609    4   10    4096      64       1     3.9       0         2046      0.78883     -0.13315    0.0022071       3.5538     0.052663
151009150610    4   10    4096      64       1       4       0         2046      0.78883     -0.13075    0.0021555       3.5538     0.052663
151009150611    4   10    4096      64       1     4.1       0         2046      0.78883     -0.12844    0.0021061       3.5538     0.052663
151009150611    4   10    4096      64       1     4.2       0         2046      0.78883      -0.1262    0.0020589       3.5538     0.052663
151009150612    4   10    4096      64       1     4.3       0         2046      0.78883     -0.12403    0.0020138       3.5538     0.052663
151009150613    4   10    4096      64       1     4.4       0         2046      0.78883     -0.12193    0.0019704       3.5538     0.052663
151009150614    4   10    4096      64       1     4.5       0         2046      0.78883      -0.1199    0.0019289       3.5538     0.052663
151009150615    4   10    4096      64       1     4.6       0         2046      0.78883     -0.11794     0.001889       3.5538     0.052663
151009150616    4   10    4096      64       1     4.7       0         2046      0.78883     -0.11603    0.0018507       3.5538     0.052663
151009150616    4   10    4096      64       1     4.8       0         2046      0.78883     -0.11418    0.0018139       3.5538     0.052663
151009150617    4   10    4096      64       1     4.9       0         2046      0.78883     -0.11239    0.0017785       3.5538     0.052663
151009150618    4   10    4096      64       1       5       0         2046      0.78883     -0.11065    0.0017444       3.5538     0.052663
151009150619    4   10    4096      64       1     5.1       0         2046      0.78883     -0.10896    0.0017116       3.5538     0.052663
151009150620    4   10    4096      64       1     5.2       0         2046      0.78883     -0.10732      0.00168       3.5538     0.052663
151009150621    4   10    4096      64       1     5.3       0         2046      0.78883     -0.10573    0.0016494       3.5538     0.052663
151009150621    4   10    4096      64       1     5.4       0         2046      0.78883     -0.10418      0.00162       3.5538     0.052663
151009150622    4   10    4096      64       1     5.5       0         2046      0.78883     -0.10268    0.0015915       3.5538     0.052663
151009150623    4   10    4096      64       1     5.6       0         2046      0.78883     -0.10121    0.0015641       3.5538     0.052663
151009150624    4   10    4096      64       1     5.7       0         2046      0.78883     -0.09979    0.0015375       3.5538     0.052663
151009150625    4   10    4096      64       1     5.8       0         2046      0.78883    -0.098405    0.0015118       3.5538     0.052663
151009150626    4   10    4096      64       1     5.9       0         2046      0.78883    -0.097058    0.0014869       3.5538     0.052663
151009150626    4   10    4096      64       1       6       0         2046      0.78883    -0.095745    0.0014628       3.5538     0.052663
151009150627    4   10    4096      64       1     6.1       0         2046      0.78883    -0.094467    0.0014395       3.5538     0.052663
151009150628    4   10    4096      64       1     6.2       0         2046      0.78883    -0.093222    0.0014169       3.5538     0.052663
151009150629    4   10    4096      64       1     6.3       0         2046      0.78883    -0.092009     0.001395       3.5538     0.052663
151009150630    4   10    4096      64       1     6.4       0         2046      0.78883    -0.090826    0.0013737       3.5538     0.052663
151009150631    4   10    4096      64       1     6.5       0         2046      0.78883    -0.089672    0.0013531       3.5538     0.052663
151009150632    4   10    4096      64       1     6.6       0         2046      0.78883    -0.088547    0.0013331       3.5538     0.052663
151009150632    4   10    4096      64       1     6.7       0         2046      0.78883    -0.087449    0.0013137       3.5538     0.052663
151009150633    4   10    4096      64       1     6.8       0         2046      0.78883    -0.086378    0.0012948       3.5538     0.052663
151009150634    4   10    4096      64       1     6.9       0         2046      0.78883    -0.085332    0.0012764       3.5538     0.052663
151009150635    4   10    4096      64       1       7       0         2046      0.78883    -0.084311    0.0012586       3.5538     0.052663
151009150636    4   10    4096      64       1     7.1       0         2046      0.78883    -0.083313    0.0012412       3.5538     0.052663
151009150637    4   10    4096      64       1     7.2       0         2046      0.78883    -0.082338    0.0012243       3.5538     0.052663
151009150638    4   10    4096      64       1     7.3       0         2046      0.78883    -0.081386    0.0012079       3.5538     0.052663
151009150639    4   10    4096      64       1     7.4       0         2046      0.78883    -0.080455    0.0011918       3.5538     0.052663
151009150639    4   10    4096      64       1     7.5       0         2046      0.78883    -0.079545    0.0011762       3.5538     0.052663
151009150640    4   10    4096      64       1     7.6       0         2046      0.78883    -0.078655     0.001161       3.5538     0.052663
151009150641    4   10    4096      64       1     7.7       0         2046      0.78883    -0.077784    0.0011462       3.5538     0.052663
151009150642    4   10    4096      64       1     7.8       0         2046      0.78883    -0.076932    0.0011318       3.5538     0.052663
151009150643    4   10    4096      64       1     7.9       0         2046      0.78883    -0.076098    0.0011177       3.5538     0.052663
151009150643    4   10    4096      64       1       8       0         2046      0.78883    -0.075282    0.0011039       3.5538     0.052663
151009150644    4   10    4096      64       1     8.1       0         2046      0.78883    -0.074483    0.0010905       3.5538     0.052663
151009150645    4   10    4096      64       1     8.2       0         2046      0.78883    -0.073701    0.0010774       3.5538     0.052663
151009150646    4   10    4096      64       1     8.3       0         2046      0.78883    -0.072935    0.0010646       3.5538     0.052663
151009150647    4   10    4096      64       1     8.4       0         2046      0.78883    -0.072184    0.0010521       3.5538     0.052663
151009150648    4   10    4096      64       1     8.5       0         2046      0.78883    -0.071448    0.0010399       3.5538     0.052663
151009150649    4   10    4096      64       1     8.6       0         2046      0.78883    -0.070727     0.001028       3.5538     0.052663
151009150649    4   10    4096      64       1     8.7       0         2046      0.78883    -0.070021    0.0010163       3.5538     0.052663
151009150650    4   10    4096      64       1     8.8       0         2046      0.78883    -0.069328    0.0010049       3.5538     0.052663
151009150651    4   10    4096      64       1     8.9       0         2046      0.78883    -0.068649    0.0009938       3.5538     0.052663
151009150652    4   10    4096      64       1       9       0         2046      0.78883    -0.067982    0.0009829       3.5538     0.052663
151009150653    4   10    4096      64       1     9.1       0         2046      0.78883    -0.067328   0.00097223       3.5538     0.052663
151009150653    4   10    4096      64       1     9.2       0         2046      0.78883    -0.066687   0.00096179       3.5538     0.052663
151009150654    4   10    4096      64       1     9.3       0         2046      0.78883    -0.066058   0.00095157       3.5538     0.052663
151009150655    4   10    4096      64       1     9.4       0         2046      0.78883     -0.06544   0.00094156       3.5538     0.052663
151009150656    4   10    4096      64       1     9.5       0         2046      0.78883    -0.064834   0.00093176       3.5538     0.052663
151009150657    4   10    4096      64       1     9.6       0         2046      0.78883    -0.064238   0.00092216       3.5538     0.052663
151009150658    4   10    4096      64       1     9.7       0         2046      0.78883    -0.063654   0.00091275       3.5538     0.052663
151009150658    4   10    4096      64       1     9.8       0         2046      0.78883     -0.06308   0.00090353       3.5538     0.052663
151009150659    4   10    4096      64       1     9.9       0         2046      0.78883    -0.062516    0.0008945       3.5538     0.052663
151009150700    4   10    4096      64       1      10       0         2046      0.78883    -0.061962   0.00088564       3.5538     0.052663
151016115046    4   10    4096      64       1       0       0       2045.5      0.76828      0.27029    0.0085066    -0.025216    0.0018998
151016115048    4   10    4096      64       1     0.1       0       2045.5      0.76828      0.27029    0.0085066    -0.025216    0.0018998
151016115049    4   10    4096      64       1     0.2       0       2045.5      0.76828      0.27029    0.0085066    -0.025216    0.0018998
151016115050    4   10    4096      64       1     0.3       0       2045.5      0.76828      0.27029    0.0085066    -0.025216    0.0018998
151016115051    4   10    4096      64       1     0.4       0       2045.5      0.76828      0.26861     0.008158    -0.025216    0.0018998
151016115053    4   10    4096      64       1     0.5       0       2045.5      0.76828      0.25846    0.0066435    -0.025216    0.0018998
151016115054    4   10    4096      64       1     0.6       0       2045.5      0.76828      0.23899    0.0062772    -0.025216    0.0018998
151016115055    4   10    4096      64       1     0.7       0       2045.5      0.76828      0.21668     0.005234    -0.025216    0.0018998
151016115056    4   10    4096      64       1     0.8       0       2045.5      0.76828      0.19243    0.0043944    -0.025216    0.0018998
151016115057    4   10    4096      64       1     0.9       0       2045.5      0.76828      0.17297    0.0041713    -0.025216    0.0018998
151016115059    4   10    4096      64       1       1       0       2045.5      0.76828      0.15469    0.0033596    -0.025216    0.0018998
151016115100    4   10    4096      64       1     1.1       0       2045.5      0.76828      0.13858    0.0030338    -0.025216    0.0018998
151016115101    4   10    4096      64       1     1.2       0       2045.5      0.76828      0.12834    0.0026806    -0.025216    0.0018998
151016115102    4   10    4096      64       1     1.3       0       2045.5      0.76828      0.11962    0.0028497    -0.025216    0.0018998
151016115103    4   10    4096      64       1     1.4       0       2045.5      0.76828      0.11308    0.0029196    -0.025216    0.0018998
151016115104    4   10    4096      64       1     1.5       0       2045.5      0.76828      0.10776    0.0030637    -0.025216    0.0018998
151016115105    4   10    4096      64       1     1.6       0       2045.5      0.76828      0.10397    0.0033835    -0.025216    0.0018998
151016115107    4   10    4096      64       1     1.7       0       2045.5      0.76828      0.10266    0.0035876    -0.025216    0.0018998
151016115108    4   10    4096      64       1     1.8       0       2045.5      0.76828      0.10197    0.0036352    -0.025216    0.0018998
151016115109    4   10    4096      64       1     1.9       0       2045.5      0.76828       0.1022    0.0037682    -0.025216    0.0018998
151016115110    4   10    4096      64       1       2       0       2045.5      0.76828       0.1024    0.0039865    -0.025216    0.0018998
151016115111    4   10    4096      64       1     2.1       0       2045.5      0.76828      0.10281    0.0042094    -0.025216    0.0018998
151016115112    4   10    4096      64       1     2.2       0       2045.5      0.76828      0.10414    0.0044017    -0.025216    0.0018998
151016115114    4   10    4096      64       1     2.3       0       2045.5      0.76828      0.10553    0.0045349    -0.025216    0.0018998
151016115115    4   10    4096      64       1     2.4       0       2045.5      0.76828       0.1072    0.0046923    -0.025216    0.0018998
151016115116    4   10    4096      64       1     2.5       0       2045.5      0.76828      0.10946    0.0048412    -0.025216    0.0018998
151016115117    4   10    4096      64       1     2.6       0       2045.5      0.76828      0.11176    0.0049973    -0.025216    0.0018998
151016115118    4   10    4096      64       1     2.7       0       2045.5      0.76828      0.11408    0.0051526    -0.025216    0.0018998
151016115119    4   10    4096      64       1     2.8       0       2045.5      0.76828      0.11604    0.0052539    -0.025216    0.0018998
151016115121    4   10    4096      64       1     2.9       0       2045.5      0.76828      0.11798    0.0053803    -0.025216    0.0018998
151016115122    4   10    4096      64       1       3       0       2045.5      0.76828       0.1201    0.0054734    -0.025216    0.0018998
151016115123    4   10    4096      64       1     3.1       0       2045.5      0.76828      0.12268    0.0055514    -0.025216    0.0018998
151016115124    4   10    4096      64       1     3.2       0       2045.5      0.76828      0.12492    0.0056442    -0.025216    0.0018998
151016115126    4   10    4096      64       1     3.3       0       2045.5      0.76828      0.12714    0.0057124    -0.025216    0.0018998
151016115127    4   10    4096      64       1     3.4       0       2045.5      0.76828      0.12943    0.0057543    -0.025216    0.0018998
151016115128    4   10    4096      64       1     3.5       0       2045.5      0.76828      0.13169    0.0057826    -0.025216    0.0018998
151016115129    4   10    4096      64       1     3.6       0       2045.5      0.76828      0.13399    0.0058562    -0.025216    0.0018998
151016115130    4   10    4096      64       1     3.7       0       2045.5      0.76828      0.13608    0.0059256    -0.025216    0.0018998
151016115131    4   10    4096      64       1     3.8       0       2045.5      0.76828      0.13831    0.0059791    -0.025216    0.0018998
151016115133    4   10    4096      64       1     3.9       0       2045.5      0.76828      0.14045    0.0060497    -0.025216    0.0018998
151016115134    4   10    4096      64       1       4       0       2045.5      0.76828       0.1424    0.0061216    -0.025216    0.0018998
151016115135    4   10    4096      64       1     4.1       0       2045.5      0.76828      0.14449    0.0061732    -0.025216    0.0018998
151016115136    4   10    4096      64       1     4.2       0       2045.5      0.76828      0.14638    0.0062241    -0.025216    0.0018998
151016115137    4   10    4096      64       1     4.3       0       2045.5      0.76828      0.14833    0.0062678    -0.025216    0.0018998
151016115138    4   10    4096      64       1     4.4       0       2045.5      0.76828      0.15008    0.0063217    -0.025216    0.0018998
151016115140    4   10    4096      64       1     4.5       0       2045.5      0.76828      0.15197    0.0063568    -0.025216    0.0018998
151016115141    4   10    4096      64       1     4.6       0       2045.5      0.76828      0.15377       0.0064    -0.025216    0.0018998
151016115142    4   10    4096      64       1     4.7       0       2045.5      0.76828      0.15543    0.0064478    -0.025216    0.0018998
151016115143    4   10    4096      64       1     4.8       0       2045.5      0.76828      0.15707     0.006489    -0.025216    0.0018998
151016115144    4   10    4096      64       1     4.9       0       2045.5      0.76828      0.15872    0.0065303    -0.025216    0.0018998
151016115145    4   10    4096      64       1       5       0       2045.5      0.76828      0.16038    0.0065729    -0.025216    0.0018998
151016115147    4   10    4096      64       1     5.1       0       2045.5      0.76828      0.16193    0.0066077    -0.025216    0.0018998
151016115148    4   10    4096      64       1     5.2       0       2045.5      0.76828      0.16339    0.0066387    -0.025216    0.0018998
151016115149    4   10    4096      64       1     5.3       0       2045.5      0.76828      0.16487     0.006671    -0.025216    0.0018998
151016115150    4   10    4096      64       1     5.4       0       2045.5      0.76828      0.16633    0.0067034    -0.025216    0.0018998
151016115151    4   10    4096      64       1     5.5       0       2045.5      0.76828      0.16773    0.0067307    -0.025216    0.0018998
151016115152    4   10    4096      64       1     5.6       0       2045.5      0.76828       0.1691    0.0067644    -0.025216    0.0018998
151016115154    4   10    4096      64       1     5.7       0       2045.5      0.76828      0.17048    0.0067933    -0.025216    0.0018998
151016115155    4   10    4096      64       1     5.8       0       2045.5      0.76828      0.17184    0.0068223    -0.025216    0.0018998
151016115156    4   10    4096      64       1     5.9       0       2045.5      0.76828      0.17315    0.0068528    -0.025216    0.0018998
151016115157    4   10    4096      64       1       6       0       2045.5      0.76828      0.17437    0.0068811    -0.025216    0.0018998
151016115159    4   10    4096      64       1     6.1       0       2045.5      0.76828      0.17559    0.0069023    -0.025216    0.0018998
151016115200    4   10    4096      64       1     6.2       0       2045.5      0.76828      0.17679    0.0069301    -0.025216    0.0018998
151016115201    4   10    4096      64       1     6.3       0       2045.5      0.76828      0.17796    0.0069543    -0.025216    0.0018998
151016115202    4   10    4096      64       1     6.4       0       2045.5      0.76828      0.17911    0.0069749    -0.025216    0.0018998
151016115203    4   10    4096      64       1     6.5       0       2045.5      0.76828      0.18022    0.0069955    -0.025216    0.0018998
151016115204    4   10    4096      64       1     6.6       0       2045.5      0.76828      0.18132    0.0070174    -0.025216    0.0018998
151016115206    4   10    4096      64       1     6.7       0       2045.5      0.76828      0.18239    0.0070384    -0.025216    0.0018998
151016115207    4   10    4096      64       1     6.8       0       2045.5      0.76828      0.18343    0.0070573    -0.025216    0.0018998
151016115208    4   10    4096      64       1     6.9       0       2045.5      0.76828      0.18445     0.007077    -0.025216    0.0018998
151016115209    4   10    4096      64       1       7       0       2045.5      0.76828      0.18546    0.0070993    -0.025216    0.0018998
151016115210    4   10    4096      64       1     7.1       0       2045.5      0.76828      0.18642     0.007118    -0.025216    0.0018998
151016115211    4   10    4096      64       1     7.2       0       2045.5      0.76828      0.18737    0.0071367    -0.025216    0.0018998
151016115213    4   10    4096      64       1     7.3       0       2045.5      0.76828      0.18831    0.0071547    -0.025216    0.0018998
151016115214    4   10    4096      64       1     7.4       0       2045.5      0.76828      0.18922    0.0071712    -0.025216    0.0018998
151016115215    4   10    4096      64       1     7.5       0       2045.5      0.76828      0.19012    0.0071862    -0.025216    0.0018998
151016115216    4   10    4096      64       1     7.6       0       2045.5      0.76828        0.191    0.0072045    -0.025216    0.0018998
151016115217    4   10    4096      64       1     7.7       0       2045.5      0.76828      0.19184    0.0072215    -0.025216    0.0018998
151016115218    4   10    4096      64       1     7.8       0       2045.5      0.76828       0.1927     0.007238    -0.025216    0.0018998
151016115220    4   10    4096      64       1     7.9       0       2045.5      0.76828      0.19352    0.0072522    -0.025216    0.0018998
151016115221    4   10    4096      64       1       8       0       2045.5      0.76828      0.19433    0.0072696    -0.025216    0.0018998
151016115222    4   10    4096      64       1     8.1       0       2045.5      0.76828       0.1951    0.0072849    -0.025216    0.0018998
151016115223    4   10    4096      64       1     8.2       0       2045.5      0.76828      0.19588    0.0072979    -0.025216    0.0018998
151016115224    4   10    4096      64       1     8.3       0       2045.5      0.76828      0.19664    0.0073124    -0.025216    0.0018998
151016115225    4   10    4096      64       1     8.4       0       2045.5      0.76828      0.19739    0.0073272    -0.025216    0.0018998
151016115227    4   10    4096      64       1     8.5       0       2045.5      0.76828      0.19812    0.0073406    -0.025216    0.0018998
151016115228    4   10    4096      64       1     8.6       0       2045.5      0.76828      0.19882    0.0073563    -0.025216    0.0018998
151016115229    4   10    4096      64       1     8.7       0       2045.5      0.76828      0.19953    0.0073694    -0.025216    0.0018998
151016115231    4   10    4096      64       1     8.8       0       2045.5      0.76828      0.20021     0.007383    -0.025216    0.0018998
151016115232    4   10    4096      64       1     8.9       0       2045.5      0.76828      0.20088    0.0073953    -0.025216    0.0018998
151016115233    4   10    4096      64       1       9       0       2045.5      0.76828      0.20154    0.0074078    -0.025216    0.0018998
151016115234    4   10    4096      64       1     9.1       0       2045.5      0.76828      0.20219    0.0074195    -0.025216    0.0018998
151016115235    4   10    4096      64       1     9.2       0       2045.5      0.76828      0.20283    0.0074319    -0.025216    0.0018998
151016115236    4   10    4096      64       1     9.3       0       2045.5      0.76828      0.20345     0.007444    -0.025216    0.0018998
151016115237    4   10    4096      64       1     9.4       0       2045.5      0.76828      0.20407    0.0074549    -0.025216    0.0018998
151016115239    4   10    4096      64       1     9.5       0       2045.5      0.76828      0.20468     0.007466    -0.025216    0.0018998
151016115240    4   10    4096      64       1     9.6       0       2045.5      0.76828      0.20528    0.0074765    -0.025216    0.0018998
151016115241    4   10    4096      64       1     9.7       0       2045.5      0.76828      0.20586    0.0074869    -0.025216    0.0018998
151016115242    4   10    4096      64       1     9.8       0       2045.5      0.76828      0.20644    0.0074975    -0.025216    0.0018998
151016115243    4   10    4096      64       1     9.9       0       2045.5      0.76828        0.207    0.0075068    -0.025216    0.0018998
151016115244    4   10    4096      64       1      10       0       2045.5      0.76828      0.20754    0.0075166    -0.025216    0.0018998
151016115336    4   10    4096      64       1       0       0       2045.5      0.76828      0.27029    0.0085066    -0.025216    0.0018998
151016115337    4   10    4096      64       1     0.1       0       2045.5      0.76828      0.27029    0.0085066    -0.025216    0.0018998
151016115338    4   10    4096      64       1     0.2       0       2045.5      0.76828      0.27029    0.0085066    -0.025216    0.0018998
151016115339    4   10    4096      64       1     0.3       0       2045.5      0.76828      0.27029    0.0085066    -0.025216    0.0018998
151016115340    4   10    4096      64       1     0.4       0       2045.5      0.76828      0.26861     0.008158    -0.025216    0.0018998
151016115341    4   10    4096      64       1     0.5       0       2045.5      0.76828      0.25846    0.0066435    -0.025216    0.0018998
151016115343    4   10    4096      64       1     0.6       0       2045.5      0.76828      0.23899    0.0062772    -0.025216    0.0018998
151016115344    4   10    4096      64       1     0.7       0       2045.5      0.76828      0.21668     0.005234    -0.025216    0.0018998
151016115345    4   10    4096      64       1     0.8       0       2045.5      0.76828      0.19243    0.0043944    -0.025216    0.0018998
151016115346    4   10    4096      64       1     0.9       0       2045.5      0.76828      0.17297    0.0041713    -0.025216    0.0018998
151016115347    4   10    4096      64       1       1       0       2045.5      0.76828      0.15469    0.0033596    -0.025216    0.0018998
151016115348    4   10    4096      64       1     1.1       0       2045.5      0.76828      0.13858    0.0030338    -0.025216    0.0018998
151016115349    4   10    4096      64       1     1.2       0       2045.5      0.76828      0.12834    0.0026806    -0.025216    0.0018998
151016115351    4   10    4096      64       1     1.3       0       2045.5      0.76828      0.11962    0.0028497    -0.025216    0.0018998
151016115352    4   10    4096      64       1     1.4       0       2045.5      0.76828      0.11308    0.0029196    -0.025216    0.0018998
151016115353    4   10    4096      64       1     1.5       0       2045.5      0.76828      0.10776    0.0030637    -0.025216    0.0018998
151016115354    4   10    4096      64       1     1.6       0       2045.5      0.76828      0.10397    0.0033835    -0.025216    0.0018998
151016115355    4   10    4096      64       1     1.7       0       2045.5      0.76828      0.10266    0.0035876    -0.025216    0.0018998
151016115356    4   10    4096      64       1     1.8       0       2045.5      0.76828      0.10197    0.0036352    -0.025216    0.0018998
151016115358    4   10    4096      64       1     1.9       0       2045.5      0.76828       0.1022    0.0037682    -0.025216    0.0018998
151016115359    4   10    4096      64       1       2       0       2045.5      0.76828       0.1024    0.0039865    -0.025216    0.0018998
151016115400    4   10    4096      64       1     2.1       0       2045.5      0.76828      0.10281    0.0042094    -0.025216    0.0018998
151016115401    4   10    4096      64       1     2.2       0       2045.5      0.76828      0.10414    0.0044017    -0.025216    0.0018998
151016115402    4   10    4096      64       1     2.3       0       2045.5      0.76828      0.10553    0.0045349    -0.025216    0.0018998
151016115403    4   10    4096      64       1     2.4       0       2045.5      0.76828       0.1072    0.0046923    -0.025216    0.0018998
151016115405    4   10    4096      64       1     2.5       0       2045.5      0.76828      0.10946    0.0048412    -0.025216    0.0018998
151016115406    4   10    4096      64       1     2.6       0       2045.5      0.76828      0.11176    0.0049973    -0.025216    0.0018998
151016115407    4   10    4096      64       1     2.7       0       2045.5      0.76828      0.11408    0.0051526    -0.025216    0.0018998
151016115408    4   10    4096      64       1     2.8       0       2045.5      0.76828      0.11604    0.0052539    -0.025216    0.0018998
151016115410    4   10    4096      64       1     2.9       0       2045.5      0.76828      0.11798    0.0053803    -0.025216    0.0018998
151016115411    4   10    4096      64       1       3       0       2045.5      0.76828       0.1201    0.0054734    -0.025216    0.0018998
151016115412    4   10    4096      64       1     3.1       0       2045.5      0.76828      0.12268    0.0055514    -0.025216    0.0018998
151016115413    4   10    4096      64       1     3.2       0       2045.5      0.76828      0.12492    0.0056442    -0.025216    0.0018998
151016115415    4   10    4096      64       1     3.3       0       2045.5      0.76828      0.12714    0.0057124    -0.025216    0.0018998
151016115416    4   10    4096      64       1     3.4       0       2045.5      0.76828      0.12943    0.0057543    -0.025216    0.0018998
151016115417    4   10    4096      64       1     3.5       0       2045.5      0.76828      0.13169    0.0057826    -0.025216    0.0018998
151016115418    4   10    4096      64       1     3.6       0       2045.5      0.76828      0.13399    0.0058562    -0.025216    0.0018998
151016115419    4   10    4096      64       1     3.7       0       2045.5      0.76828      0.13608    0.0059256    -0.025216    0.0018998
151016115420    4   10    4096      64       1     3.8       0       2045.5      0.76828      0.13831    0.0059791    -0.025216    0.0018998
151016115422    4   10    4096      64       1     3.9       0       2045.5      0.76828      0.14045    0.0060497    -0.025216    0.0018998
151016115423    4   10    4096      64       1       4       0       2045.5      0.76828       0.1424    0.0061216    -0.025216    0.0018998
151016115424    4   10    4096      64       1     4.1       0       2045.5      0.76828      0.14449    0.0061732    -0.025216    0.0018998
151016115425    4   10    4096      64       1     4.2       0       2045.5      0.76828      0.14638    0.0062241    -0.025216    0.0018998
151016115426    4   10    4096      64       1     4.3       0       2045.5      0.76828      0.14833    0.0062678    -0.025216    0.0018998
151016115427    4   10    4096      64       1     4.4       0       2045.5      0.76828      0.15008    0.0063217    -0.025216    0.0018998
151016115429    4   10    4096      64       1     4.5       0       2045.5      0.76828      0.15197    0.0063568    -0.025216    0.0018998
151016115430    4   10    4096      64       1     4.6       0       2045.5      0.76828      0.15377       0.0064    -0.025216    0.0018998
151016115431    4   10    4096      64       1     4.7       0       2045.5      0.76828      0.15543    0.0064478    -0.025216    0.0018998
151016115432    4   10    4096      64       1     4.8       0       2045.5      0.76828      0.15707     0.006489    -0.025216    0.0018998
151016115433    4   10    4096      64       1     4.9       0       2045.5      0.76828      0.15872    0.0065303    -0.025216    0.0018998
151016115434    4   10    4096      64       1       5       0       2045.5      0.76828      0.16038    0.0065729    -0.025216    0.0018998
151016115436    4   10    4096      64       1     5.1       0       2045.5      0.76828      0.16193    0.0066077    -0.025216    0.0018998
151016115437    4   10    4096      64       1     5.2       0       2045.5      0.76828      0.16339    0.0066387    -0.025216    0.0018998
151016115438    4   10    4096      64       1     5.3       0       2045.5      0.76828      0.16487     0.006671    -0.025216    0.0018998
151016115439    4   10    4096      64       1     5.4       0       2045.5      0.76828      0.16633    0.0067034    -0.025216    0.0018998
151016115440    4   10    4096      64       1     5.5       0       2045.5      0.76828      0.16773    0.0067307    -0.025216    0.0018998
151016115441    4   10    4096      64       1     5.6       0       2045.5      0.76828       0.1691    0.0067644    -0.025216    0.0018998
151016115443    4   10    4096      64       1     5.7       0       2045.5      0.76828      0.17048    0.0067933    -0.025216    0.0018998
151016115444    4   10    4096      64       1     5.8       0       2045.5      0.76828      0.17184    0.0068223    -0.025216    0.0018998
151016115446    4   10    4096      64       1     5.9       0       2045.5      0.76828      0.17315    0.0068528    -0.025216    0.0018998
151016115447    4   10    4096      64       1       6       0       2045.5      0.76828      0.17437    0.0068811    -0.025216    0.0018998
151016115448    4   10    4096      64       1     6.1       0       2045.5      0.76828      0.17559    0.0069023    -0.025216    0.0018998
151016115449    4   10    4096      64       1     6.2       0       2045.5      0.76828      0.17679    0.0069301    -0.025216    0.0018998
151016115450    4   10    4096      64       1     6.3       0       2045.5      0.76828      0.17796    0.0069543    -0.025216    0.0018998
151016115452    4   10    4096      64       1     6.4       0       2045.5      0.76828      0.17911    0.0069749    -0.025216    0.0018998
151016115453    4   10    4096      64       1     6.5       0       2045.5      0.76828      0.18022    0.0069955    -0.025216    0.0018998
151016115454    4   10    4096      64       1     6.6       0       2045.5      0.76828      0.18132    0.0070174    -0.025216    0.0018998
151016115455    4   10    4096      64       1     6.7       0       2045.5      0.76828      0.18239    0.0070384    -0.025216    0.0018998
151016115456    4   10    4096      64       1     6.8       0       2045.5      0.76828      0.18343    0.0070573    -0.025216    0.0018998
151016115457    4   10    4096      64       1     6.9       0       2045.5      0.76828      0.18445     0.007077    -0.025216    0.0018998
151016115458    4   10    4096      64       1       7       0       2045.5      0.76828      0.18546    0.0070993    -0.025216    0.0018998
151016115500    4   10    4096      64       1     7.1       0       2045.5      0.76828      0.18642     0.007118    -0.025216    0.0018998
151016115501    4   10    4096      64       1     7.2       0       2045.5      0.76828      0.18737    0.0071367    -0.025216    0.0018998
151016115502    4   10    4096      64       1     7.3       0       2045.5      0.76828      0.18831    0.0071547    -0.025216    0.0018998
151016115503    4   10    4096      64       1     7.4       0       2045.5      0.76828      0.18922    0.0071712    -0.025216    0.0018998
151016115504    4   10    4096      64       1     7.5       0       2045.5      0.76828      0.19012    0.0071862    -0.025216    0.0018998
151016115505    4   10    4096      64       1     7.6       0       2045.5      0.76828        0.191    0.0072045    -0.025216    0.0018998
151016115507    4   10    4096      64       1     7.7       0       2045.5      0.76828      0.19184    0.0072215    -0.025216    0.0018998
151016115508    4   10    4096      64       1     7.8       0       2045.5      0.76828       0.1927     0.007238    -0.025216    0.0018998
151016115509    4   10    4096      64       1     7.9       0       2045.5      0.76828      0.19352    0.0072522    -0.025216    0.0018998
151016115510    4   10    4096      64       1       8       0       2045.5      0.76828      0.19433    0.0072696    -0.025216    0.0018998
151016115511    4   10    4096      64       1     8.1       0       2045.5      0.76828       0.1951    0.0072849    -0.025216    0.0018998
151016115512    4   10    4096      64       1     8.2       0       2045.5      0.76828      0.19588    0.0072979    -0.025216    0.0018998
151016115514    4   10    4096      64       1     8.3       0       2045.5      0.76828      0.19664    0.0073124    -0.025216    0.0018998
151016115515    4   10    4096      64       1     8.4       0       2045.5      0.76828      0.19739    0.0073272    -0.025216    0.0018998
151016115516    4   10    4096      64       1     8.5       0       2045.5      0.76828      0.19812    0.0073406    -0.025216    0.0018998
151016115517    4   10    4096      64       1     8.6       0       2045.5      0.76828      0.19882    0.0073563    -0.025216    0.0018998
151016115519    4   10    4096      64       1     8.7       0       2045.5      0.76828      0.19953    0.0073694    -0.025216    0.0018998
151016115520    4   10    4096      64       1     8.8       0       2045.5      0.76828      0.20021     0.007383    -0.025216    0.0018998
151016115521    4   10    4096      64       1     8.9       0       2045.5      0.76828      0.20088    0.0073953    -0.025216    0.0018998
151016115522    4   10    4096      64       1       9       0       2045.5      0.76828      0.20154    0.0074078    -0.025216    0.0018998
151016115524    4   10    4096      64       1     9.1       0       2045.5      0.76828      0.20219    0.0074195    -0.025216    0.0018998
151016115525    4   10    4096      64       1     9.2       0       2045.5      0.76828      0.20283    0.0074319    -0.025216    0.0018998
151016115526    4   10    4096      64       1     9.3       0       2045.5      0.76828      0.20345     0.007444    -0.025216    0.0018998
151016115527    4   10    4096      64       1     9.4       0       2045.5      0.76828      0.20407    0.0074549    -0.025216    0.0018998
151016115528    4   10    4096      64       1     9.5       0       2045.5      0.76828      0.20468     0.007466    -0.025216    0.0018998
151016115529    4   10    4096      64       1     9.6       0       2045.5      0.76828      0.20528    0.0074765    -0.025216    0.0018998
151016115531    4   10    4096      64       1     9.7       0       2045.5      0.76828      0.20586    0.0074869    -0.025216    0.0018998
151016115532    4   10    4096      64       1     9.8       0       2045.5      0.76828      0.20644    0.0074975    -0.025216    0.0018998
151016115533    4   10    4096      64       1     9.9       0       2045.5      0.76828        0.207    0.0075068    -0.025216    0.0018998
151016115534    4   10    4096      64       1      10       0       2045.5      0.76828      0.20754    0.0075166    -0.025216    0.0018998
